06 08 12 58 06 01 12 08 ED
08 01 12 00 00 00 00 00 4F
00 00 00 00 00 00 00 00 D0
00 00 00 00 00 00 00 00 D8
00 00 00 00 00 08 08 28 39
88 A8 A8 00 00 00 00 00 6C
00 00 00 00 00 00 00 00 F0
00 00 00 00 00 00 00 00 F8
00 00 00 00 29 26 02 21 08
03 02 02 1F 03 04 02 1D 86
03 06 02 06 01 14 03 08 1B
02 06 01 12 03 0A 02 06 27
01 10 03 0C 02 06 01 0E FE
03 0E 02 06 01 08 07 10 15
02 06 01 08 01 16 02 06 BE
01 08 01 16 02 06 01 08 6F
07 10 02 06 01 0E 03 0E BD
02 06 01 10 03 0C 02 06 3F
01 12 03 0A 02 06 01 14 95
03 08 02 06 01 16 03 06 E9
02 1F 03 04 02 21 03 02 67
02 22 02 02 02 26 29 03 51
01 FF 00 00 FF FF 00 00 F1
