11 0B 23 A0 06 25 11 11 72
11 21 25 11 03 05 06 08 8F
25 21 07 07 07 07 00 00 51
00 00 00 00 00 00 00 00 D8
00 00 00 00 00 10 18 20 71
28 28 28 30 48 48 48 48 4B
48 60 68 70 78 80 00 00 07
00 00 00 00 00 00 00 00 F8
00 00 00 00 29 26 02 26 0D
02 0A 01 06 01 14 02 0A 73
01 06 01 14 02 0A 01 06 B4
01 14 02 0A 01 06 01 14 B5
02 0A 01 05 18 02 06 02 EB
01 1B 02 01 01 01 01 02 D0
01 01 01 01 01 1B 02 0A A4
01 14 06 01 02 0A 01 1B E4
22 06 02 26 02 26 02 26 49
02 26 02 06 22 1B 01 0A FD
02 17 01 0E 02 17 01 0E 95
02 1B 01 0A 29 12 02 06 7D
